 1
 1
 1
 1
 579
 579
 391
 534
 503
 503
 310
 405
 323
 323
 156
 262
 764
 764
 415
 680
 270
 270
 196
 245
 340
 340
 206
 284
 61
 61
 18
 28
 105
 105
 89
 83
 289
 289
 191
 202
 508
 508
 501
 351
 370
 370
 198
 297
 128
 128
 80
 94
 581
 581
 120
 326
 2761
 2761
 2078
 2545
 582
 582
 454
 448
 3522
 3522
 3422
 3517
 252
 252
 151
 171
 169
 169
 147
 132
 109
 109
 72
 87
 158
 158
 76
 111
 1504
 1504
 814
 1326
 66
 66
 20
 31
 12038
 12038
 11935
 11893
 2400
 2400
 1629
 2315
 183
 183
 105
 137
 128
 128
 83
 85
 381
 381
 243
 268
 3602
 3602
 3869
 3420
 113
 113
 71
 78
 1510
 1510
 950
 1443
 183
 183
 105
 137
 1726
 1726
 1623
 1721
 114
 114
 104
 105
 136
 136
 104
 115
 267
 267
 194
 237
 19648
 19648
 18915
 19315
 10
 10
 10
 10
 3112
 3112
 2962
 2973
 471
 471
 553
 455
 1713
 1713
 1682
 1709
 81
 81
 65
 57
 136
 136
 162
 93
 152
 152
 200
 144
 36
 36
 30
 32
 1
 1
 1
 1
 1
 1
 1
 1
 3
 3
 2
 2
 10
 10
 7
 10
 14
 14
 5
 7