 0.003500699996948242 
 0.0019989013671875 
 0.002500295639038086 
 0.0019998550415039062 
 0.9644982814788818 
 0.8154997825622559 
 0.5864992141723633 
 0.6965010166168213 
 0.8155007362365723 
 0.7655000686645508 
 0.4804983139038086 
 0.5730009078979492 
 0.4439988136291504 
 0.4434998035430908 
 0.23350048065185547 
 0.3335001468658447 
 1.1440012454986572 
 1.1179990768432617 
 0.6515007019042969 
 1.0220003128051758 
 0.27049946784973145 
 0.2819991111755371 
 0.21249890327453613 
 0.24299836158752441 
 0.34850001335144043 
 0.35149574279785156 
 0.2239997386932373 
 0.28299951553344727 
 0.06099987030029297 
 0.06199908256530762 
 0.025000572204589844 
 0.031499624252319336 
 0.1425018310546875 
 0.14749813079833984 
 0.13499855995178223 
 0.14850163459777832 
 0.3699972629547119 
 0.3509974479675293 
 0.247999906539917 
 0.26399993896484375 
 0.6689996719360352 
 0.6840007305145264 
 0.7000002861022949 
 0.5459995269775391 
 0.5784997940063477 
 0.5570003986358643 
 0.2850003242492676 
 0.4179999828338623 
 0.15850090980529785 
 0.16249847412109375 
 0.11550116539001465 
 0.14100122451782227 
 1.1100003719329834 
 1.1060009002685547 
 0.192000150680542 
 0.42299795150756836 
 4.293999910354614 
 4.219999313354492 
 3.4274990558624268 
 4.512498378753662 
 0.9524998664855957 
 0.871999979019165 
 0.7430007457733154 
 0.8770015239715576 
 4.616499423980713 
 3.951500415802002 
 4.32249903678894 
 4.165999174118042 
 0.28950023651123047 
 0.2804996967315674 
 0.19250082969665527 
 0.17600083351135254 
 0.18900012969970703 
 0.17699837684631348 
 0.15999889373779297 
 0.14349889755249023 
 0.14049935340881348 
 0.11850142478942871 
 0.08000016212463379 
 0.09199762344360352 
 0.17750000953674316 
 0.16500020027160645 
 0.08699846267700195 
 0.10950088500976562 
 2.155500650405884 
 2.0849688053131104 
 1.1079986095428467 
 1.9330010414123535 
 0.06699919700622559 
 0.07349705696105957 
 0.02249932289123535 
 0.03249502182006836 
 52.405497789382935 
 51.64299821853638 
 76.93350052833557 
 64.89350032806396 
 3.590501070022583 
 3.5940003395080566 
 2.413998603820801 
 3.2835023403167725 
 0.20549917221069336 
 0.2019975185394287 
 0.10900068283081055 
 0.13649964332580566 
 0.14850091934204102 
 0.1549997329711914 
 0.09950089454650879 
 0.1269993782043457 
 0.5149993896484375 
 0.5159976482391357 
 0.3224983215332031 
 0.4154982566833496 
 5.675498962402344 
 5.632498502731323 
 6.847500562667847 
 6.329500913619995 
 0.12549924850463867 
 0.12049984931945801 
 0.07399940490722656 
 0.08399677276611328 
 1.9954988956451416 
 2.0380003452301025 
 1.1969990730285645 
 1.7305009365081787 
 0.2044994831085205 
 0.20949912071228027 
 0.10749983787536621 
 0.14400076866149902 
 1.6874971389770508 
 1.7099997997283936 
 1.7674999237060547 
 1.7109997272491455 
 0.09649991989135742 
 0.0950005054473877 
 0.0950007438659668 
 0.09350156784057617 
 0.11600112915039062 
 0.11499762535095215 
 0.09299850463867188 
 0.09849882125854492 
 0.271500825881958 
 0.27499985694885254 
 0.2044987678527832 
 0.23149943351745605 
 155.5674991607666 
 155.1674976348877 
 333.54100131988525 
 200.64049863815308 
 0.018500089645385742 
 0.03249859809875488 
 0.019500017166137695 
 0.01799798011779785 
 4.078501462936401 
 4.000498056411743 
 4.214498519897461 
 4.149500131607056 
 0.5589981079101562 
 0.565000057220459 
 0.6655001640319824 
 0.5329999923706055 
 1.558000087738037 
 1.5844998359680176 
 1.6760003566741943 
 1.6134989261627197 
 0.06850004196166992 
 0.06999897956848145 
 0.05800032615661621 
 0.056497812271118164 
 0.11349987983703613 
 0.11300015449523926 
 0.18049907684326172 
 0.09200024604797363 
 0.1575000286102295 
 0.13899898529052734 
 0.1895005702972412 
 0.12999749183654785 
 0.04150056838989258 
 0.039998531341552734 
 0.036498308181762695 
 0.028499364852905273 
 0.003499746322631836 
 0.0030002593994140625 
 0.003998994827270508 
 0.003500223159790039 
 0.0029990673065185547 
 0.003497600555419922 
 0.003999948501586914 
 0.002997875213623047 
 0.00550079345703125 
 0.004498720169067383 
 0.004499912261962891 
 0.0034983158111572266 
 0.00949859619140625 
 0.008998394012451172 
 0.00800013542175293 
 0.009499311447143555 
 0.014499902725219727 
 0.014499664306640625 
 0.006499052047729492 
 0.007997989654541016 
