 1
 1
 1
 1
 579
 579
 391
 502
 503
 503
 310
 365
 323
 323
 156
 238
 764
 764
 415
 629
 270
 270
 196
 248
 340
 340
 206
 276
 61
 61
 18
 29
 105
 105
 89
 102
 289
 289
 191
 220
 508
 508
 501
 383
 370
 370
 198
 278
 128
 128
 80
 101
 581
 581
 120
 247
 2761
 2761
 2078
 2570
 582
 582
 454
 539
 3522
 3522
 3422
 3515
 252
 252
 151
 159
 169
 169
 147
 133
 109
 109
 72
 86
 158
 158
 76
 102
 1504
 1504
 814
 1389
 66
 66
 20
 33
 12038
 12038
 11935
 11835
 2400
 2400
 1629
 2124
 183
 183
 105
 124
 128
 128
 83
 105
 381
 381
 243
 299
 3602
 3602
 3869
 3781
 113
 113
 71
 76
 1510
 1510
 950
 1290
 183
 183
 105
 124
 1726
 1726
 1623
 1719
 114
 114
 104
 109
 136
 136
 104
 114
 267
 267
 194
 215
 19648
 19648
 18915
 19119
 10
 10
 10
 10
 3112
 3112
 2962
 2988
 471
 471
 553
 449
 1713
 1713
 1682
 1708
 81
 81
 65
 64
 136
 136
 162
 107
 152
 152
 200
 144
 36
 36
 30
 26
 1
 1
 1
 1
 1
 1
 1
 1
 3
 3
 2
 2
 10
 10
 7
 10
 14
 14
 5
 7