 2
 2
 2
 2
 13
 13
 14
 13
 9
 9
 11
 9
 9
 9
 11
 9
 11
 11
 12
 11
 13
 13
 14
 13
 14
 14
 15
 14
 6
 6
 6
 6
 5
 5
 5
 5
 9
 9
 11
 9
 9
 9
 11
 9
 8
 8
 9
 8
 7
 7
 8
 7
 11
 11
 12
 11
 51
 51
 53
 51
 11
 11
 11
 11
 50
 50
 56
 50
 9
 9
 11
 9
 8
 8
 10
 8
 8
 8
 10
 8
 9
 9
 11
 9
 19
 19
 19
 19
 6
 6
 6
 6
 49
 49
 53
 49
 49
 49
 53
 49
 8
 8
 9
 8
 7
 7
 8
 7
 8
 8
 9
 8
 42
 42
 47
 42
 7
 7
 8
 7
 49
 49
 53
 49
 8
 8
 9
 8
 49
 49
 54
 49
 15
 15
 16
 15
 16
 16
 17
 16
 17
 17
 18
 17
 48
 48
 51
 48
 3
 3
 3
 3
 48
 48
 50
 48
 10
 10
 11
 10
 48
 48
 49
 48
 8
 8
 10
 8
 8
 8
 10
 8
 10
 10
 11
 10
 7
 7
 8
 7
 2
 2
 2
 2
 2
 2
 2
 2
 3
 3
 3
 3
 4
 4
 4
 4
 4
 4
 4
 4