 2
 2
 2
 2
 14
 14
 14
 14
 11
 11
 11
 11
 11
 11
 11
 11
 12
 12
 12
 12
 14
 14
 14
 14
 15
 15
 15
 15
 6
 6
 6
 6
 5
 5
 5
 5
 11
 11
 11
 11
 18
 18
 18
 18
 9
 9
 9
 9
 8
 8
 8
 8
 12
 12
 12
 12
 54
 54
 54
 57
 11
 11
 11
 11
 65
 65
 65
 67
 11
 11
 11
 11
 10
 10
 10
 10
 10
 10
 10
 10
 11
 11
 11
 11
 19
 19
 19
 19
 6
 6
 6
 6
 63
 63
 63
 89
 57
 57
 57
 59
 9
 9
 9
 9
 8
 8
 8
 8
 9
 9
 9
 9
 47
 47
 47
 49
 8
 8
 8
 8
 59
 59
 59
 61
 9
 9
 9
 9
 56
 56
 56
 58
 16
 16
 16
 16
 17
 17
 17
 17
 18
 18
 18
 18
 55
 55
 55
 72
 3
 3
 3
 3
 69
 69
 69
 76
 11
 11
 11
 26
 55
 55
 55
 57
 10
 10
 10
 10
 17
 17
 17
 17
 11
 11
 11
 29
 8
 8
 8
 8
 2
 2
 2
 2
 2
 2
 2
 2
 3
 3
 3
 3
 4
 4
 4
 4
 4
 4
 4
 4