 1
 1
 1
 1
 487
 487
 487
 486
 398
 398
 398
 417
 186
 186
 186
 185
 434
 434
 434
 453
 235
 235
 235
 234
 235
 235
 235
 234
 18
 18
 18
 17
 89
 89
 89
 64
 173
 173
 173
 172
 424
 424
 424
 515
 349
 349
 349
 348
 187
 187
 187
 186
 114
 114
 114
 73
 1579
 1579
 1579
 1466
 423
 423
 423
 96
 3418
 3418
 3418
 3426
 197
 197
 197
 206
 196
 196
 196
 205
 92
 92
 92
 91
 93
 93
 93
 92
 542
 542
 542
 432
 20
 20
 20
 19
 9529
 9529
 9529
 9397
 834
 834
 834
 1056
 163
 163
 163
 162
 158
 158
 158
 157
 337
 337
 337
 336
 2820
 2820
 2820
 2884
 133
 133
 133
 132
 523
 523
 523
 668
 163
 163
 163
 162
 1611
 1611
 1611
 1619
 110
 110
 110
 109
 110
 110
 110
 109
 176
 176
 176
 175
 16639
 16639
 16639
 16793
 10
 10
 10
 10
 1569
 1569
 1569
 1560
 872
 872
 872
 837
 1682
 1682
 1682
 1682
 75
 75
 75
 74
 170
 170
 170
 185
 274
 274
 274
 507
 30
 30
 30
 16
 1
 1
 1
 1
 1
 1
 1
 1
 2
 2
 2
 2
 7
 7
 7
 7
 5
 5
 5
 5