 1
 1
 1
 1
 487
 487
 487
 487
 398
 398
 398
 398
 186
 186
 186
 186
 434
 434
 434
 434
 235
 235
 235
 235
 235
 235
 235
 235
 18
 18
 18
 18
 89
 89
 89
 89
 173
 173
 173
 182
 424
 424
 424
 444
 349
 349
 349
 349
 187
 187
 187
 187
 114
 114
 114
 114
 1579
 1579
 1579
 1579
 423
 423
 423
 423
 3418
 3418
 3418
 3426
 197
 197
 197
 197
 196
 196
 196
 196
 92
 92
 92
 92
 93
 93
 93
 93
 542
 542
 542
 585
 20
 20
 20
 20
 9529
 9529
 9529
 9529
 834
 834
 834
 834
 163
 163
 163
 163
 158
 158
 158
 158
 337
 337
 337
 359
 2820
 2820
 2820
 3752
 133
 133
 133
 133
 523
 523
 523
 523
 163
 163
 163
 163
 1611
 1611
 1611
 1619
 110
 110
 110
 110
 110
 110
 110
 110
 176
 176
 176
 176
 16639
 16639
 16639
 16697
 10
 10
 10
 10
 1569
 1569
 1569
 1699
 872
 872
 872
 872
 1682
 1682
 1682
 1682
 75
 75
 75
 75
 170
 170
 170
 170
 274
 274
 274
 274
 30
 30
 30
 30
 1
 1
 1
 1
 1
 1
 1
 1
 2
 2
 2
 2
 7
 7
 7
 7
 5
 5
 5
 5