 0.0019991397857666016 
 0.0014998912811279297 
 0.0030002593994140625 
 0.001999378204345703 
 0.7135009765625 
 0.7189991474151611 
 0.7994983196258545 
 0.7244994640350342 
 0.6015000343322754 
 0.5919983386993408 
 0.6135005950927734 
 0.5914993286132812 
 0.2969989776611328 
 0.26450181007385254 
 0.25750064849853516 
 0.2610011100769043 
 0.6664998531341553 
 0.6664988994598389 
 0.6684994697570801 
 0.6205003261566162 
 0.2454991340637207 
 0.25499939918518066 
 0.3065011501312256 
 0.23850059509277344 
 0.24949979782104492 
 0.25049924850463867 
 0.27899861335754395 
 0.24699878692626953 
 0.0214996337890625 
 0.01949906349182129 
 0.02050018310546875 
 0.020999431610107422 
 0.12350034713745117 
 0.12250041961669922 
 0.1529989242553711 
 0.12199950218200684 
 0.20099854469299316 
 0.21049952507019043 
 0.22549939155578613 
 0.21399855613708496 
 0.5644974708557129 
 0.578000545501709 
 0.6125020980834961 
 0.6110002994537354 
 0.5254993438720703 
 0.5755000114440918 
 0.5829982757568359 
 0.5255000591278076 
 0.25999879837036133 
 0.2629985809326172 
 0.30699920654296875 
 0.2759993076324463 
 0.14749932289123535 
 0.14100027084350586 
 0.16650032997131348 
 0.1529994010925293 
 1.9890003204345703 
 2.1280007362365723 
 2.128500461578369 
 1.9344971179962158 
 0.6449997425079346 
 0.6815006732940674 
 0.6699984073638916 
 0.6735019683837891 
 4.726499795913696 
 4.6249988079071045 
 5.106499433517456 
 5.0734968185424805 
 0.2200002670288086 
 0.20999979972839355 
 0.22549962997436523 
 0.22050142288208008 
 0.21899962425231934 
 0.2160015106201172 
 0.21899938583374023 
 0.20400071144104004 
 0.09949827194213867 
 0.09500002861022949 
 0.10500001907348633 
 0.10199904441833496 
 0.09900045394897461 
 0.0989992618560791 
 0.10449767112731934 
 0.09949851036071777 
 0.7169990539550781 
 0.6565003395080566 
 0.7429981231689453 
 0.7205009460449219 
 0.019999027252197266 
 0.020999431610107422 
 0.0214993953704834 
 0.01849961280822754 
 62.5484983921051 
 53.80150055885315 
 58.91300010681152 
 52.27199864387512 
 1.4905009269714355 
 0.9715006351470947 
 1.1045000553131104 
 1.09549880027771 
 0.19500017166137695 
 0.1745009422302246 
 0.19250011444091797 
 0.20300054550170898 
 0.1914992332458496 
 0.19350147247314453 
 0.20149922370910645 
 0.19600152969360352 
 0.49650096893310547 
 0.44499921798706055 
 0.4714999198913574 
 0.5079991817474365 
 4.731499195098877 
 4.391997337341309 
 4.739999771118164 
 6.178999900817871 
 0.14349865913391113 
 0.14549970626831055 
 0.15400052070617676 
 0.15849947929382324 
 0.5814979076385498 
 0.5455005168914795 
 0.6035003662109375 
 0.5749998092651367 
 0.2239980697631836 
 0.17799997329711914 
 0.19449949264526367 
 0.18649959564208984 
 1.9670016765594482 
 1.6949987411499023 
 1.8294994831085205 
 1.8235085010528564 
 0.11100006103515625 
 0.08649826049804688 
 0.10699844360351562 
 0.10050058364868164 
 0.09850049018859863 
 0.09099984169006348 
 0.09949970245361328 
 0.09349989891052246 
 0.17949891090393066 
 0.1849982738494873 
 0.18399953842163086 
 0.21650147438049316 
 307.5511746406555 
 269.3920018672943 
 248.99300026893616 
 233.88749933242798 
 0.017498016357421875 
 0.017999887466430664 
 0.016498565673828125 
 0.017998695373535156 
 2.0459976196289062 
 2.195998430252075 
 1.9514987468719482 
 2.2439992427825928 
 1.167999505996704 
 1.2245004177093506 
 1.1374995708465576 
 1.2085020542144775 
 1.7864999771118164 
 1.7839958667755127 
 1.7144999504089355 
 1.7584989070892334 
 0.07099771499633789 
 0.09399962425231934 
 0.07049846649169922 
 0.06800246238708496 
 0.14299821853637695 
 0.15249967575073242 
 0.14299869537353516 
 0.14499855041503906 
 0.2774989604949951 
 0.280001163482666 
 0.2864980697631836 
 0.29450011253356934 
 0.033499717712402344 
 0.03249931335449219 
 0.03149771690368652 
 0.03199958801269531 
 0.003499746322631836 
 0.0034995079040527344 
 0.002999544143676758 
 0.0029990673065185547 
 0.0030002593994140625 
 0.0029997825622558594 
 0.0024917125701904297 
 0.0029990673065185547 
 0.0029990673065185547 
 0.00299835205078125 
 0.0029993057250976562 
 0.004000663757324219 
 0.00699925422668457 
 0.0070002079010009766 
 0.006998300552368164 
 0.0074999332427978516 
 0.005997657775878906 
 0.006499052047729492 
 0.005500316619873047 
 0.006499767303466797 