0.0015003681182861328 
2.121990203857422 
2.6404998302459717 
1.3515000343322754 
2.4865009784698486 
0.6844995021820068 
0.8919990062713623 
0.20350050926208496 
0.7165002822875977 
0.7780005931854248 
1.5175001621246338 
2.0525004863739014 
0.8955011367797852 
15.043986797332764 
4.3894970417022705 
1.8660016059875488 
4.0920000076293945 
0.8155009746551514 
0.6114997863769531 
0.36100053787231445 
0.4949984550476074 
3.612502336502075 
0.17699885368347168 
57.670000076293945 
3.9054970741271973 
0.6639986038208008 
0.5434999465942383 
1.2639994621276855 
8.540501356124878 
0.4720001220703125 
2.2404990196228027 
0.6274986267089844 
1.7044990062713623 
0.21200084686279297 
0.26849937438964844 
0.7639994621276855 
181.3859987258911 
0.19250154495239258 
4.691499948501587 
1.0199992656707764 
1.824998378753662 
0.19250059127807617 
0.3019993305206299 
0.20800089836120605 
0.3410005569458008 
0.0044977664947509766 
0.3020017147064209 
0.1419987678527832 
0.03299832344055176 
0.027498960494995117 